 00 24 05.2  -72 04 51    4.5  -0.76   -18.7  0.2    
 00 52 47.5  -26 35 24    8.8  -1.24   -46.6  0.4    
 01 03 14.3  -70 50 54    8.5  -1.16   223.5  0.5    
 03 12 15.3  -55 13 01   16.4  -1.35    68.2  4.6    
 03 33 23.0  +79 34 50   10.9  -0.60   -82.8  3.3    
 04 24 44.5  -21 11 13   90.2  -1.46   -23.6  2.1    
 05 14 06.3  -40 02 50   12.1  -1.22   320.5  0.6    
 05 24 10.6  -24 31 27   12.9  -1.57   206.0  0.4    
 06 48 59.2  -36 00 19   10.7  -1.85   148.9  1.2    
 07 38 08.5  +38 52 55   84.2  -2.12   -20.0  0.8    
 09 07 57.8  -37 13 17   39.7  -1.30    34.3  1.9    
 09 12 02.6  -64 51 47    9.6  -1.15    93.6  2.4    
 10 05 31.4  +00 04 17   92.7  -1.66    83.4  8.4    
 10 17 36.8  -46 24 40    5.0  -1.58   494.0  0.2    
 11 29 16.8  +28 58 25  109.2  -1.48    74.5  2.1    
 12 10 06.2  +18 32 31   19.3  -1.83   183.2  0.7    
 12 25 45.4  -72 39 33    5.8  -2.09    72.3  1.3    
 12 38 40.2  -51 09 01   21.2  -1.67   -44.0  3.0    
 12 39 28.0  -26 44 34   10.2  -2.06   -94.3  0.4    
 12 59 35.0  -70 52 29    6.5  -1.80   200.2  1.2    
 13 12 55.3  +18 10 09   17.8  -1.99   -79.1  4.1    
 13 16 27.0  +17 41 53   16.4  -2.29    44.0  0.4    
 13 26 45.9  -47 28 37    5.3  -1.62   232.3  0.5    
 13 42 11.2  +28 22 32   10.4  -1.57  -147.6  0.2    
 13 46 26.5  -51 22 24   11.0  -1.67    57.4  1.5    
 14 05 27.3  +28 32 04   15.9  -2.22   107.7  0.3    
 14 29 37.3  -05 58 35   25.2  -1.88   -45.1  6.6    
 14 39 36.5  -26 32 18   34.7  -1.86  -144.1  1.3    
 15 03 58.5  -33 04 04   32.0  -1.85   -27.5  1.5    
 15 16 05.3  -00 06 41   23.2  -1.41   -58.7  0.2    
 15 17 24.5  -21 00 37   12.4  -1.80   101.5  1.0    
 15 18 33.8  +02 04 58    7.5  -1.27    52.6  0.4    
 15 28 00.5  -50 40 22    7.6  -0.37  -107.5  1.0    
 15 35 28.5  -50 39 34   10.6  -1.38   128.4  1.8    
 15 46 03.5  -37 47 10   10.4  -1.58    88.9  3.7    
 16 11 03.0  -55 18 52    7.2  -0.62     8.0  5.0    
 16 11 04.9  +14 57 29   73.9  -1.52    76.6  2.2    
 16 17 02.5  -22 58 30   10.0  -1.75     8.2  1.5    
 16 23 35.5  -26 31 31    2.2  -1.20    70.4  0.3    
 16 25 48.6  -72 12 06   15.3  -1.82   361.4  1.7    
 16 27 14.1  -26 01 29    8.5  -1.75   188.9  1.1    
 16 27 40.4  -38 50 56   10.1  -1.68     6.7  6.0    
 16 28 40.1  -35 21 13    7.5  -0.73  -136.3  0.7    
 16 32 31.9  -13 03 13    6.4  -1.04   -33.6  0.3    
 16 41 41.5  +36 27 37    7.7  -1.54  -245.6  0.3    
 16 46 58.9  +47 31 40   30.4  -1.43  -154.2  7.6    
 16 47 14.5  -01 56 52    4.9  -1.48   -42.2  0.5    
 16 53 25.4  -22 10 38   11.4  -1.40    87.3  3.4    
 16 57 08.9  -04 05 58    4.4  -1.52    75.8  1.0    
 16 59 32.6  -37 07 17    8.4  -0.70  -101.4  1.9    
 17 00 02.4  -00 32 31   44.6  -1.90    68.9  1.1    
 17 01 12.8  -30 06 49    6.9  -1.29   -70.0  1.3    
 17 02 37.8  -26 16 05    8.6  -1.68   135.0  4.0    
 17 04 28.8  -24 45 53   15.3  -1.32    27.6  1.7    
 17 05 09.4  -22 42 29    9.3  -2.05  -288.7  3.5    
 17 10 10.2  -26 34 55    8.8  -1.92  -146.2  1.7    
 17 14 32.1  -29 27 44    6.0  -0.59  -107.3  3.6    
 17 16 37.3  -28 08 24   11.0  -0.55    71.5  8.9    
 17 17 07.3  +43 08 11    8.2  -2.28  -120.3  0.1    
 17 17 59.2  -23 45 57    8.0  -1.17    29.8  1.8    
 17 19 11.8  -18 30 59    7.9  -1.75   229.1  7.0    
 17 21 10.2  -19 35 14    8.6  -0.65   116.2  1.6    
 17 23 35.0  -17 48 47   15.2  -0.50    27.0  4.3    
 17 23 58.6  -26 21 13    9.5  -1.50  -176.9  7.1    
 17 25 29.2  -48 25 22    5.7  -0.70  -120.9  3.0    
 17 27 08.5  -07 05 35   25.0  -1.70  -140.2  2.1    
 17 27 33.1  -30 48 08    8.7  -0.40   109.0 15.0    
 17 27 44.3  -05 04 36    3.6  -0.82  -122.3  0.5    
 17 30 39.0  -31 35 44    9.1  -1.60   -50.0 15.0    
 17 31 05.2  -29 58 54   14.1  -1.55    53.1  9.8    
 17 31 54.8  -67 02 53    7.6  -0.95   -13.1  0.6    
 17 33 24.5  -33 23 20    9.6   0.22    52.0 15.0    
 17 34 28.0  -39 04 09   10.7  -0.50    -3.6  2.5    
 17 35 47.2  -30 28 54    5.6  -1.30   114.0 14.0    
 17 36 10.5  -38 33 12    8.1  -0.50  -184.4  2.2    
 17 36 17.0  -44 44 06   10.0  -0.60    81.2  1.2    
 17 37 36.1  -03 14 45    9.3  -1.39   -66.1  1.8    
 17 38 36.6  -23 54 34   10.5  -0.98   -65.0  8.6    
 17 40 41.3  -53 40 25    2.3  -1.95    18.9  0.1    
 17 43 42.2  -26 13 21    5.9  -1.09   182.5  6.2    
 17 44 54.7  +03 10 13   20.7  -2.26  -162.0 23.0    
 17 47 28.3  -33 03 56   12.0  -2.00  -362.4  3.6    
 17 48 04.9  -24 46 45   10.3   0.00   -94.0 15.0    
 17 48 52.7  -20 21 37    8.4  -0.34   -78.7  5.7    
 17 50 12.9  -37 03 05   11.7  -0.53    16.4  1.2    
 17 50 46.4  -31 16 31    9.5  -0.50   126.0 15.0    
 17 50 51.7  -34 35 57    9.6  -1.53   -83.7  8.3    
 17 59 02.0  -44 15 54   11.5  -0.64  -112.7  5.7    
 18 01 38.8  -26 50 23    6.5  -2.00    59.0 10.0    
 18 01 50.6  -08 57 32   10.8  -1.37   -39.6  8.0    
 18 03 34.1  -30 02 02    7.8  -1.44   -21.1  3.4    
 18 03 50.7  -00 17 49    6.8  -1.80  -215.1  0.5    
 18 04 49.6  -30 03 21    7.9  -0.04   206.2  1.5    
 18 04 49.8  -07 35 09    8.4  -0.66   -45.6 10.9    
 18 06 08.6  -27 45 55    3.7  -1.20   -17.7  1.4    
 18 07 20.6  -24 59 51    2.7  -1.56   -27.3  3.9    
 18 08 02.2  -43 30 00    7.0  -1.83  -158.7  2.3    
 18 09 17.6  -25 54 31    6.0  -0.21    -6.5  2.7    
 18 10 17.6  -31 45 50    7.4  -1.44  -197.2  1.6    
 18 10 44.2  -07 12 27    5.4  -0.73   155.7  1.3    
 18 12 15.8  -22 44 31    4.8  -0.50    94.1  1.5    
 18 13 38.8  -31 49 37   10.7  -0.86   -28.1  5.6    
 18 18 37.7  -52 12 54   13.4  -1.49   222.9 15.0    
 18 23 40.5  -30 21 40    7.9  -0.44    53.9  0.6    
 18 24 32.9  -24 52 12    5.6  -1.45    17.0  1.0    
 18 30 56.1  -25 29 51    9.6  -0.99    18.1  3.9    
 18 31 23.2  -32 20 53    9.1  -0.70    39.9  2.8    
 18 31 54.1  -23 28 31    8.4  -1.35   -57.2  5.4    
 18 35 45.7  -32 59 25   10.1  -0.96  -111.7  5.8    
 18 36 24.2  -23 54 12    3.2  -1.64  -148.9  0.4    
 18 41 29.9  -19 49 33   12.9  -0.48   -43.0 15.0    
 18 43 12.7  -32 17 31    9.0  -1.51   220.3  0.9    
 18 53 04.3  -08 42 22    6.9  -1.01  -107.5  0.5    
 18 55 03.3  -30 28 42   26.8  -1.58   141.9  0.5    
 18 55 06.2  -22 42 03    7.1  -1.29    22.8  3.4    
 18 59 33.2  -36 37 54    8.7  -1.12   -94.5  3.6    
 19 05 15.3  +01 54 03    7.9  -1.60   -61.7  2.9    
 19 10 52.0  -59 59 05    4.0  -1.56   -27.9  0.8    
 19 11 12.1  +01 01 50    7.4  -0.52   -27.5  6.3    
 19 16 35.5  +30 11 05   10.1  -1.94  -135.7  0.8    
 19 17 43.7  -34 39 27   23.2  -0.58   166.0  4.0    
 19 18 02.1  +18 34 18    5.9  -0.10   -31.7  0.4    
 19 28 44.1  -30 21 14   28.6  -1.76   115.0 10.0    
 19 39 59.4  -30 57 44    5.3  -1.81   174.8  0.4    
 19 41 45.0  -34 00 01   26.0  -2.00   130.0  8.0    
 19 45 14.4  -08 00 26   13.0  -0.39   -68.0 10.0    
 19 53 46.1  +18 46 42    4.0  -0.73   -22.8  0.2    
 20 06 04.8  -21 55 17   20.7  -1.16  -189.3  3.6    
 20 34 11.6  +07 24 15   15.7  -1.54  -411.4  1.6    
 20 53 27.9  -12 32 13   17.0  -1.40  -345.1  3.7    
 21 01 29.5  +16 11 15   41.5  -1.63  -384.1  0.4    
 21 29 58.3  +12 10 01   10.3  -2.26  -107.0  0.2    
 21 33 29.3  -00 49 23   11.5  -1.62    -5.3  2.0    
 21 40 22.0  -23 10 45    8.0  -2.12  -181.9  0.5    
 21 46 38.8  -21 15 03   19.1  -0.94    27.8  1.5    
 23 06 44.4  +12 46 19   25.8  -1.74    24.1  0.5    
 23 08 26.7  -15 36 41   25.8  -1.51  -207.6  4.3    
